11432121
11432113
11432116
11432115
11432114
11432117
11432119
11432120
11432123
11432112
11432125
11432127
11432126
11432129
11432130
11432118
11432124
11432131
11432132
11432133
11432139
11432122
11432134
11432136
11432135
Write Pages buffer to file
11432128
11432137
11432138
11432141
11432140
11432143
11432142
11432145
11432144
11432147
11432146
11432151
11432149
11432148
11432150
11432155
11432152
11432153
11432154
11432161
11432157
11432158
11432156
Write Pages buffer to file
11432160
11432159